17
42
58
36
46
28
60
23
18
36
68
187
45
127
13
64
45
72
26
26
65
36
22
34
10
14
50
40
30
28
29
44
53
35
41
49
27
24
53
23
2
22
13
38
37
2
39
42
49
9
27
58
58
21
18
42
39
14
12
18
28
17
17
6
35
34
43
8
19
32
17
31
11
45
22
5
49
16
11
2
36
12
26
44
62
25
7
16
9
12
16
54
33
42
17
16
46
21
20
22
25
8
21
72
54
22
8
24
28
20
136
8
14
44
32
35
25
9
44
26
34
41
20
19
20
10
41
31
29
59
85
17
33
38
26
34
60
37
45
29
85
82
8
112
39
18
3
26
51
31
31
60
7
86
13
40
57
57
93
15
61
35
40
34
69
68
5
21
51
48
83
27
53
32
49
12
7
79
10
52
33
24
74
3
97
14
54
20
4
17
9
96
62
12
47
18
17
52
52
57
45
44
71
143
60
29
45
36
70
18
27
32
55
25
31
69
49
35
22
8
10
42
34
40
20
37
71
33
39
34
23
19
56
105
28
30
63
79
34
60
39
12
81
9
22
22
57
35
16
70
37
9
27
9
40
29
16
19
42
49
30
40
58
46
30
42
47
30
77
8
39
36
28
22
33
65
20
6
74
37
27
18
72
15
56
58
44
34
20
60
52
8
24
24
99
54
67
16
26
45
43
62
56
28
26
20
60
37
5
64
150
64
59
18
28
22
62
22
41
14
11
5
31
42
27
9
49
48
18
10
38
52
22
15
21
30
50
50
12
30
17
31
24
72
8
133
118
28
26
38
17
108
82
63
16
32
18
27
21
16
31
61
34
104
58
12
19
28
33
49
35
27
11
16
32
24
30
27
35
25
12
13
8
59
19
104
109
32
5
66
42
27
17
3
66
36
41
40
23
15
50
47
24
17
84
157
36
9
40
31
11
17
28
24
6
25
93
98
13
41
39
61
54
17
72
